Press or Release,Key,Time
P,F3,1735660014701
P,Key.space,1735660046995
R,Key.space,1735660047132
